2 1 765 96 90 217 -1 -1 -1 -1 
2 2 713 43 61 145 -1 -1 -1 -1 
2 3 464 83 93 237 -1 -1 -1 -1 
2 4 1056 232 119 215 -1 -1 -1 -1 
2 5 887 227 138 284 -1 -1 -1 -1 
2 6 803 49 49 162 -1 -1 -1 -1 
2 7 1130 402 131 312 -1 -1 -1 -1 
2 8 1034 106 60 145 -1 -1 -1 -1 
3 1 760 98 90 218 -1 -1 -1 -1 
3 2 703 42 61 146 -1 -1 -1 -1 
3 3 468 83 93 239 -1 -1 -1 -1 
3 4 1056 231 118 213 -1 -1 -1 -1 
3 5 887 226 138 287 -1 -1 -1 -1 
3 6 782 46 51 165 -1 -1 -1 -1 
3 7 1129 391 138 328 -1 -1 -1 -1 
3 8 1050 109 56 135 -1 -1 -1 -1 
4 1 760 98 91 221 -1 -1 -1 -1 
4 2 689 41 58 143 -1 -1 -1 -1 
4 3 471 83 96 245 -1 -1 -1 -1 
4 4 1056 230 120 215 -1 -1 -1 -1 
4 5 887 226 138 285 -1 -1 -1 -1 
4 6 750 45 53 169 -1 -1 -1 -1 
4 7 1134 385 141 334 -1 -1 -1 -1 
4 8 1069 113 50 120 -1 -1 -1 -1 
5 1 763 99 93 222 -1 -1 -1 -1 
5 2 673 39 60 148 -1 -1 -1 -1 
5 3 466 83 99 250 -1 -1 -1 -1 
5 4 1058 229 120 216 -1 -1 -1 -1 
5 5 887 225 138 286 -1 -1 -1 -1 
5 6 731 43 55 172 -1 -1 -1 -1 
5 7 1133 379 144 340 -1 -1 -1 -1 
5 8 1081 118 48 115 -1 -1 -1 -1 
6 1 763 100 92 220 -1 -1 -1 -1 
6 2 661 38 59 145 -1 -1 -1 -1 
6 3 459 84 97 246 -1 -1 -1 -1 
6 4 1058 229 120 218 -1 -1 -1 -1 
6 5 887 225 138 287 -1 -1 -1 -1 
6 6 714 38 57 179 -1 -1 -1 -1 
6 7 1131 377 146 342 -1 -1 -1 -1 
6 8 1094 122 46 107 -1 -1 -1 -1 
7 1 766 102 91 219 -1 -1 -1 -1 
7 2 648 36 59 150 -1 -1 -1 -1 
7 3 442 88 95 242 -1 -1 -1 -1 
7 4 1057 229 121 219 -1 -1 -1 -1 
7 5 887 225 138 288 -1 -1 -1 -1 
7 6 694 35 58 183 -1 -1 -1 -1 
7 7 1135 389 140 330 -1 -1 -1 -1 
7 8 1107 126 43 99 -1 -1 -1 -1 
8 1 769 105 92 221 -1 -1 -1 -1 
8 2 636 35 60 150 -1 -1 -1 -1 
8 3 430 91 96 245 -1 -1 -1 -1 
8 4 1056 229 122 222 -1 -1 -1 -1 
8 5 887 225 138 288 -1 -1 -1 -1 
8 6 678 34 60 184 -1 -1 -1 -1 
9 1 775 109 96 227 -1 -1 -1 -1 
9 3 416 95 94 240 -1 -1 -1 -1 
9 4 1056 229 122 223 -1 -1 -1 -1 
9 5 886 225 140 290 -1 -1 -1 -1 
9 6 658 30 60 189 -1 -1 -1 -1 
9 7 1136 388 141 331 -1 -1 -1 -1 
10 1 785 111 99 228 -1 -1 -1 -1 
10 3 403 97 95 239 -1 -1 -1 -1 
10 4 1057 230 120 222 -1 -1 -1 -1 
10 5 885 225 141 293 -1 -1 -1 -1 
10 6 640 28 57 181 -1 -1 -1 -1 
10 7 1140 396 138 323 -1 -1 -1 -1 
11 1 798 114 101 226 -1 -1 -1 -1 
11 3 391 104 97 249 -1 -1 -1 -1 
11 4 1057 231 120 221 -1 -1 -1 -1 
11 5 885 225 141 293 -1 -1 -1 -1 
11 6 621 26 58 182 -1 -1 -1 -1 
12 1 801 115 107 234 -1 -1 -1 -1 
12 3 379 111 97 247 -1 -1 -1 -1 
12 4 1057 231 119 220 -1 -1 -1 -1 
12 5 887 225 138 289 -1 -1 -1 -1 
12 7 1122 391 145 328 -1 -1 -1 -1 
13 1 801 119 111 240 -1 -1 -1 -1 
13 3 368 116 95 240 -1 -1 -1 -1 
13 4 1056 231 120 222 -1 -1 -1 -1 
13 5 888 225 138 289 -1 -1 -1 -1 
13 7 1111 393 148 326 -1 -1 -1 -1 
14 1 801 121 115 243 -1 -1 -1 -1 
14 3 354 117 93 237 -1 -1 -1 -1 
14 4 1056 230 121 226 -1 -1 -1 -1 
14 5 887 225 139 293 -1 -1 -1 -1 
14 6 554 29 56 176 -1 -1 -1 -1 
14 7 1112 403 147 316 -1 -1 -1 -1 
15 1 809 123 115 240 -1 -1 -1 -1 
15 3 345 124 92 238 -1 -1 -1 -1 
15 4 1054 229 121 225 -1 -1 -1 -1 
15 5 889 225 137 290 -1 -1 -1 -1 
15 6 534 24 66 210 -1 -1 -1 -1 
15 7 1099 402 154 317 -1 -1 -1 -1 
16 1 815 125 115 238 -1 -1 -1 -1 
16 3 337 130 95 243 -1 -1 -1 -1 
16 4 1052 229 117 219 -1 -1 -1 -1 
16 5 891 225 135 288 -1 -1 -1 -1 
16 6 519 22 67 210 -1 -1 -1 -1 
16 7 1095 406 158 313 -1 -1 -1 -1 
17 1 816 126 115 238 -1 -1 -1 -1 
17 2 493 23 69 178 -1 -1 -1 -1 
17 3 332 132 97 250 -1 -1 -1 -1 
17 4 1045 230 111 206 -1 -1 -1 -1 
17 5 890 225 136 287 -1 -1 -1 -1 
17 6 512 21 58 182 -1 -1 -1 -1 
17 7 1098 409 159 310 -1 -1 -1 -1 
18 1 809 126 118 239 -1 -1 -1 -1 
18 2 468 25 72 174 -1 -1 -1 -1 
18 3 332 136 97 249 -1 -1 -1 -1 
18 4 1036 229 111 201 -1 -1 -1 -1 
18 5 891 225 135 287 -1 -1 -1 -1 
18 6 511 24 52 160 -1 -1 -1 -1 
18 7 1104 400 165 319 -1 -1 -1 -1 
19 1 803 126 121 238 -1 -1 -1 -1 
19 2 451 26 73 174 -1 -1 -1 -1 
19 3 331 138 98 251 -1 -1 -1 -1 
19 4 1026 226 116 209 -1 -1 -1 -1 
19 5 889 225 136 288 -1 -1 -1 -1 
19 6 509 29 48 142 -1 -1 -1 -1 
19 7 1101 395 169 324 -1 -1 -1 -1 
20 1 795 124 125 240 -1 -1 -1 -1 
20 2 436 25 73 175 -1 -1 -1 -1 
20 3 329 136 100 255 -1 -1 -1 -1 
20 4 1019 224 117 210 -1 -1 -1 -1 
20 5 890 225 135 287 -1 -1 -1 -1 
20 6 498 28 45 131 -1 -1 -1 -1 
20 7 1090 379 179 340 -1 -1 -1 -1 
21 1 784 121 127 243 -1 -1 -1 -1 
21 2 417 24 72 176 -1 -1 -1 -1 
21 3 331 131 104 259 -1 -1 -1 -1 
21 4 1015 222 118 215 -1 -1 -1 -1 
21 5 889 225 136 287 -1 -1 -1 -1 
21 6 485 26 44 130 -1 -1 -1 -1 
21 7 1082 364 188 355 -1 -1 -1 -1 
22 1 772 118 125 245 -1 -1 -1 -1 
22 2 404 26 72 176 -1 -1 -1 -1 
22 3 333 125 108 267 -1 -1 -1 -1 
22 4 1013 221 118 217 -1 -1 -1 -1 
22 5 890 225 136 287 -1 -1 -1 -1 
22 6 471 25 47 132 -1 -1 -1 -1 
22 7 1077 350 197 369 -1 -1 -1 -1 
23 1 766 115 120 241 -1 -1 -1 -1 
23 2 394 28 61 152 -1 -1 -1 -1 
23 3 343 121 107 261 -1 -1 -1 -1 
23 4 1015 223 115 214 -1 -1 -1 -1 
23 5 891 225 135 287 -1 -1 -1 -1 
23 6 464 24 49 132 -1 -1 -1 -1 
23 7 1073 342 199 369 -1 -1 -1 -1 
24 1 762 113 116 236 -1 -1 -1 -1 
24 2 379 28 61 150 -1 -1 -1 -1 
24 3 352 116 113 271 -1 -1 -1 -1 
24 4 1013 222 115 216 -1 -1 -1 -1 
24 5 891 225 135 289 -1 -1 -1 -1 
24 6 458 25 48 128 -1 -1 -1 -1 
25 1 761 110 113 236 -1 -1 -1 -1 
25 2 363 26 49 120 -1 -1 -1 -1 
25 3 371 111 103 242 -1 -1 -1 -1 
25 4 1014 222 113 215 -1 -1 -1 -1 
25 5 891 225 135 287 -1 -1 -1 -1 
25 6 448 22 48 130 -1 -1 -1 -1 
25 7 1048 332 210 375 -1 -1 -1 -1 
26 1 759 108 111 234 -1 -1 -1 -1 
26 2 348 25 46 116 -1 -1 -1 -1 
26 3 383 108 105 243 -1 -1 -1 -1 
26 4 1015 223 110 211 -1 -1 -1 -1 
26 5 892 225 133 285 -1 -1 -1 -1 
26 6 440 22 50 132 -1 -1 -1 -1 
26 7 1033 333 216 373 -1 -1 -1 -1 
27 1 761 105 105 227 -1 -1 -1 -1 
27 3 395 107 106 242 -1 -1 -1 -1 
27 4 1018 224 109 213 -1 -1 -1 -1 
27 5 891 225 134 287 -1 -1 -1 -1 
27 6 435 23 51 133 -1 -1 -1 -1 
27 7 1021 324 226 383 -1 -1 -1 -1 
28 1 761 103 99 212 -1 -1 -1 -1 
28 3 405 109 104 237 -1 -1 -1 -1 
28 4 1022 224 108 216 -1 -1 -1 -1 
28 5 888 225 137 294 -1 -1 -1 -1 
28 6 429 22 52 136 -1 -1 -1 -1 
28 7 1019 321 227 381 -1 -1 -1 -1 
29 1 760 100 97 209 -1 -1 -1 -1 
29 3 425 105 103 235 -1 -1 -1 -1 
29 4 1024 225 107 216 -1 -1 -1 -1 
29 5 889 225 136 295 -1 -1 -1 -1 
29 6 425 21 51 135 -1 -1 -1 -1 
29 7 1010 322 234 387 -1 -1 -1 -1 
30 1 761 98 95 209 -1 -1 -1 -1 
30 3 438 101 105 238 -1 -1 -1 -1 
30 4 1026 226 105 215 -1 -1 -1 -1 
30 5 890 225 135 293 -1 -1 -1 -1 
30 6 423 21 48 127 -1 -1 -1 -1 
30 7 1004 323 239 393 -1 -1 -1 -1 
31 1 763 95 94 208 -1 -1 -1 -1 
31 3 449 98 107 241 -1 -1 -1 -1 
31 4 1026 228 103 212 -1 -1 -1 -1 
31 5 890 225 135 292 -1 -1 -1 -1 
31 6 420 21 48 124 -1 -1 -1 -1 
31 7 1006 327 242 391 -1 -1 -1 -1 
32 1 760 89 94 213 -1 -1 -1 -1 
32 2 258 38 52 131 -1 -1 -1 -1 
32 3 457 95 111 250 -1 -1 -1 -1 
32 4 1026 227 102 212 -1 -1 -1 -1 
32 5 892 225 134 291 -1 -1 -1 -1 
32 6 416 20 48 125 -1 -1 -1 -1 
32 7 1008 346 236 373 -1 -1 -1 -1 
33 1 759 85 94 216 -1 -1 -1 -1 
33 2 247 40 53 136 -1 -1 -1 -1 
33 3 462 93 109 246 -1 -1 -1 -1 
33 4 1027 227 101 212 -1 -1 -1 -1 
33 5 891 224 135 294 -1 -1 -1 -1 
33 6 413 21 48 122 -1 -1 -1 -1 
33 7 1009 347 240 372 -1 -1 -1 -1 
34 1 759 83 93 217 -1 -1 -1 -1 
34 2 234 42 53 135 -1 -1 -1 -1 
34 3 465 90 110 246 -1 -1 -1 -1 
34 4 1027 227 100 212 -1 -1 -1 -1 
34 5 890 224 135 293 -1 -1 -1 -1 
34 6 410 21 48 120 -1 -1 -1 -1 
34 7 1008 353 241 366 -1 -1 -1 -1 
35 1 758 82 92 217 -1 -1 -1 -1 
35 2 216 41 57 147 -1 -1 -1 -1 
35 3 466 89 107 237 -1 -1 -1 -1 
35 4 1029 227 99 213 -1 -1 -1 -1 
35 5 891 224 133 289 -1 -1 -1 -1 
35 6 407 20 48 121 -1 -1 -1 -1 
35 7 1007 343 251 376 -1 -1 -1 -1 
35 11 372 4 37 91 -1 -1 -1 -1 
36 1 757 80 91 218 -1 -1 -1 -1 
36 2 208 43 56 149 -1 -1 -1 -1 
36 3 456 89 103 232 -1 -1 -1 -1 
36 4 1030 227 98 212 -1 -1 -1 -1 
36 5 892 224 132 287 -1 -1 -1 -1 
36 6 406 19 48 121 -1 -1 -1 -1 
36 7 1008 340 254 377 -1 -1 -1 -1 
36 11 373 3 37 94 -1 -1 -1 -1 
37 1 758 80 91 217 -1 -1 -1 -1 
37 2 200 44 54 139 -1 -1 -1 -1 
37 3 448 89 99 224 -1 -1 -1 -1 
37 4 1031 228 96 211 -1 -1 -1 -1 
37 5 891 224 131 285 -1 -1 -1 -1 
37 6 405 19 48 121 -1 -1 -1 -1 
37 7 1006 336 259 383 -1 -1 -1 -1 
37 11 374 2 36 92 -1 -1 -1 -1 
38 1 760 80 91 216 -1 -1 -1 -1 
38 2 186 45 54 140 -1 -1 -1 -1 
38 3 440 92 99 226 -1 -1 -1 -1 
38 4 1030 228 96 211 -1 -1 -1 -1 
38 5 892 224 130 280 -1 -1 -1 -1 
38 6 405 19 47 120 -1 -1 -1 -1 
39 1 758 80 89 216 -1 -1 -1 -1 
39 3 430 99 97 223 -1 -1 -1 -1 
39 4 1030 227 97 214 -1 -1 -1 -1 
39 5 892 224 130 281 -1 -1 -1 -1 
39 6 404 19 47 118 -1 -1 -1 -1 
39 7 1003 332 267 387 -1 -1 -1 -1 
40 1 756 80 87 216 -1 -1 -1 -1 
40 3 417 109 92 212 -1 -1 -1 -1 
40 4 1030 226 97 217 -1 -1 -1 -1 
40 5 892 224 131 283 -1 -1 -1 -1 
40 6 403 19 46 116 -1 -1 -1 -1 
40 7 1001 330 271 389 -1 -1 -1 -1 
41 1 757 80 86 216 -1 -1 -1 -1 
41 3 403 118 90 205 -1 -1 -1 -1 
41 4 1030 226 97 215 -1 -1 -1 -1 
41 5 891 224 132 284 -1 -1 -1 -1 
41 6 401 18 48 121 -1 -1 -1 -1 
41 7 1006 334 264 378 -1 -1 -1 -1 
42 1 759 80 86 216 -1 -1 -1 -1 
42 3 386 125 95 212 -1 -1 -1 -1 
42 4 1030 226 95 214 -1 -1 -1 -1 
42 5 891 224 132 284 -1 -1 -1 -1 
42 6 400 18 49 122 -1 -1 -1 -1 
42 7 1007 336 263 372 -1 -1 -1 -1 
43 1 758 79 85 217 -1 -1 -1 -1 
43 3 381 132 94 206 -1 -1 -1 -1 
43 4 1030 227 95 211 -1 -1 -1 -1 
43 5 891 224 131 284 -1 -1 -1 -1 
43 6 399 18 49 122 -1 -1 -1 -1 
43 7 1017 335 259 368 -1 -1 -1 -1 
44 1 756 79 84 217 -1 -1 -1 -1 
44 3 379 138 93 199 -1 -1 -1 -1 
44 4 1028 227 93 207 -1 -1 -1 -1 
44 5 891 224 132 283 -1 -1 -1 -1 
44 6 399 19 48 119 -1 -1 -1 -1 
44 7 1012 329 265 376 -1 -1 -1 -1 
45 1 756 80 84 216 -1 -1 -1 -1 
45 3 378 144 93 195 -1 -1 -1 -1 
45 4 1018 226 94 203 -1 -1 -1 -1 
45 5 890 224 132 283 -1 -1 -1 -1 
45 6 400 19 47 118 -1 -1 -1 -1 
45 7 1016 328 263 380 -1 -1 -1 -1 
46 1 756 79 84 217 -1 -1 -1 -1 
46 3 378 147 96 200 -1 -1 -1 -1 
46 4 1013 226 96 202 -1 -1 -1 -1 
46 5 891 225 131 281 -1 -1 -1 -1 
46 6 400 19 47 117 -1 -1 -1 -1 
46 7 998 316 281 399 -1 -1 -1 -1 
47 1 755 80 85 216 -1 -1 -1 -1 
47 3 375 145 99 203 -1 -1 -1 -1 
47 4 1013 226 100 205 -1 -1 -1 -1 
47 5 889 225 135 287 -1 -1 -1 -1 
47 6 400 19 48 118 -1 -1 -1 -1 
47 7 993 309 286 409 -1 -1 -1 -1 
48 1 755 81 84 215 -1 -1 -1 -1 
48 3 370 140 103 211 -1 -1 -1 -1 
48 4 1016 225 102 211 -1 -1 -1 -1 
48 5 887 226 138 294 -1 -1 -1 -1 
48 6 401 19 48 117 -1 -1 -1 -1 
48 7 990 302 289 417 -1 -1 -1 -1 
49 1 757 82 84 215 -1 -1 -1 -1 
49 3 370 134 104 213 -1 -1 -1 -1 
49 4 1016 225 104 214 -1 -1 -1 -1 
49 5 885 226 140 294 -1 -1 -1 -1 
49 6 403 18 49 118 -1 -1 -1 -1 
49 7 986 293 293 426 -1 -1 -1 -1 
50 1 758 83 84 214 -1 -1 -1 -1 
50 3 374 129 108 222 -1 -1 -1 -1 
50 4 1014 225 105 214 -1 -1 -1 -1 
50 5 885 227 140 293 -1 -1 -1 -1 
50 6 406 18 49 119 -1 -1 -1 -1 
50 7 984 288 295 431 -1 -1 -1 -1 
51 1 758 83 85 214 -1 -1 -1 -1 
51 3 382 124 106 218 -1 -1 -1 -1 
51 4 1012 224 105 213 -1 -1 -1 -1 
51 5 886 227 138 290 -1 -1 -1 -1 
51 6 409 17 49 119 -1 -1 -1 -1 
51 7 989 286 290 430 -1 -1 -1 -1 
52 1 758 83 84 214 -1 -1 -1 -1 
52 3 390 120 109 223 -1 -1 -1 -1 
52 4 1012 224 106 214 -1 -1 -1 -1 
52 5 885 227 141 294 -1 -1 -1 -1 
52 6 411 16 50 120 -1 -1 -1 -1 
52 7 988 285 291 433 -1 -1 -1 -1 
53 1 758 83 84 213 -1 -1 -1 -1 
53 3 398 115 112 234 -1 -1 -1 -1 
53 4 1008 224 109 215 -1 -1 -1 -1 
53 5 886 227 140 292 -1 -1 -1 -1 
53 6 414 16 49 118 -1 -1 -1 -1 
53 7 989 288 290 431 -1 -1 -1 -1 
54 1 758 83 83 213 -1 -1 -1 -1 
54 3 413 113 112 231 -1 -1 -1 -1 
54 4 1004 224 109 213 -1 -1 -1 -1 
54 5 886 227 139 287 -1 -1 -1 -1 
54 6 416 16 48 116 -1 -1 -1 -1 
54 7 990 295 287 424 -1 -1 -1 -1 
54 13 834 55 61 139 -1 -1 -1 -1 
55 1 758 84 83 212 -1 -1 -1 -1 
55 3 424 110 114 233 -1 -1 -1 -1 
55 4 1004 223 109 209 -1 -1 -1 -1 
55 5 887 227 138 283 -1 -1 -1 -1 
55 6 419 18 46 113 -1 -1 -1 -1 
55 7 995 306 280 413 -1 -1 -1 -1 
55 13 824 53 61 141 -1 -1 -1 -1 
56 1 759 84 82 212 -1 -1 -1 -1 
56 3 430 108 113 233 -1 -1 -1 -1 
56 4 1006 223 108 205 -1 -1 -1 -1 
56 5 888 227 137 280 -1 -1 -1 -1 
56 6 422 16 46 115 -1 -1 -1 -1 
56 7 1001 319 272 400 -1 -1 -1 -1 
56 13 817 49 61 141 -1 -1 -1 -1 
57 1 759 84 82 213 -1 -1 -1 -1 
57 3 430 107 115 239 -1 -1 -1 -1 
57 4 1006 224 108 202 -1 -1 -1 -1 
57 5 888 227 137 279 -1 -1 -1 -1 
57 6 425 13 47 117 -1 -1 -1 -1 
57 7 1013 333 261 382 -1 -1 -1 -1 
57 13 812 48 59 138 -1 -1 -1 -1 
58 1 760 83 82 214 -1 -1 -1 -1 
58 3 429 107 114 241 -1 -1 -1 -1 
58 4 1006 224 109 202 -1 -1 -1 -1 
58 5 887 227 138 278 -1 -1 -1 -1 
58 6 429 13 46 114 -1 -1 -1 -1 
58 7 1024 335 254 372 -1 -1 -1 -1 
58 13 803 46 60 140 -1 -1 -1 -1 
59 1 761 83 82 214 -1 -1 -1 -1 
59 3 429 107 112 240 -1 -1 -1 -1 
59 4 1005 224 110 201 -1 -1 -1 -1 
59 5 887 227 138 277 -1 -1 -1 -1 
59 6 433 12 44 112 -1 -1 -1 -1 
59 7 1038 339 241 363 -1 -1 -1 -1 
59 13 798 45 60 141 -1 -1 -1 -1 
60 1 758 80 83 216 -1 -1 -1 -1 
60 3 426 107 114 243 -1 -1 -1 -1 
60 4 1006 223 110 201 -1 -1 -1 -1 
60 5 888 227 137 275 -1 -1 -1 -1 
60 6 439 11 44 112 -1 -1 -1 -1 
60 7 1033 329 246 384 -1 -1 -1 -1 
60 13 792 45 59 140 -1 -1 -1 -1 
61 1 755 80 83 216 -1 -1 -1 -1 
61 3 422 107 113 244 -1 -1 -1 -1 
61 4 1005 223 110 197 -1 -1 -1 -1 
61 5 891 227 132 262 -1 -1 -1 -1 
61 6 442 11 46 113 -1 -1 -1 -1 
61 7 1033 330 246 387 -1 -1 -1 -1 
62 1 753 82 84 217 -1 -1 -1 -1 
62 3 419 106 116 250 -1 -1 -1 -1 
62 4 1003 223 110 195 -1 -1 -1 -1 
62 5 893 228 130 255 -1 -1 -1 -1 
62 6 445 9 47 116 -1 -1 -1 -1 
62 7 1032 338 247 374 -1 -1 -1 -1 
63 1 752 85 84 216 -1 -1 -1 -1 
63 3 419 104 117 249 -1 -1 -1 -1 
63 4 1004 223 112 196 -1 -1 -1 -1 
63 5 889 227 136 264 -1 -1 -1 -1 
63 6 451 8 44 112 -1 -1 -1 -1 
63 7 1033 346 246 367 -1 -1 -1 -1 
64 1 751 89 83 214 -1 -1 -1 -1 
64 3 419 105 118 248 -1 -1 -1 -1 
64 4 1005 225 113 197 -1 -1 -1 -1 
64 5 886 227 140 272 -1 -1 -1 -1 
64 6 455 8 44 109 -1 -1 -1 -1 
64 7 1042 353 237 364 -1 -1 -1 -1 
64 13 749 44 59 132 -1 -1 -1 -1 
65 1 749 92 83 211 -1 -1 -1 -1 
65 3 417 105 121 249 -1 -1 -1 -1 
65 4 1004 225 113 195 -1 -1 -1 -1 
65 5 885 227 141 273 -1 -1 -1 -1 
65 6 460 10 42 105 -1 -1 -1 -1 
65 7 1047 358 232 361 -1 -1 -1 -1 
65 13 741 43 59 130 -1 -1 -1 -1 
66 1 749 94 81 209 -1 -1 -1 -1 
66 3 419 107 119 242 -1 -1 -1 -1 
66 4 1004 225 115 197 -1 -1 -1 -1 
66 5 885 227 141 275 -1 -1 -1 -1 
66 6 463 9 42 104 -1 -1 -1 -1 
66 7 1050 365 229 354 -1 -1 -1 -1 
66 13 736 43 63 137 -1 -1 -1 -1 
67 1 747 96 83 209 -1 -1 -1 -1 
67 3 420 109 122 238 -1 -1 -1 -1 
67 4 1003 225 116 199 -1 -1 -1 -1 
67 5 884 226 143 278 -1 -1 -1 -1 
67 6 466 8 41 103 -1 -1 -1 -1 
67 7 1045 352 234 367 -1 -1 -1 -1 
67 13 730 40 62 136 -1 -1 -1 -1 
68 1 748 99 86 217 -1 -1 -1 -1 
68 3 419 110 128 239 -1 -1 -1 -1 
68 4 1002 225 117 201 -1 -1 -1 -1 
68 5 883 226 144 281 -1 -1 -1 -1 
68 6 468 7 40 103 -1 -1 -1 -1 
68 7 1045 352 234 367 -1 -1 -1 -1 
68 13 723 38 66 145 -1 -1 -1 -1 
69 1 755 102 88 217 -1 -1 -1 -1 
69 3 425 112 132 240 -1 -1 -1 -1 
69 4 1001 226 117 200 -1 -1 -1 -1 
69 5 883 226 144 282 -1 -1 -1 -1 
69 6 470 7 40 103 -1 -1 -1 -1 
69 7 1048 361 231 357 -1 -1 -1 -1 
69 13 714 37 67 144 -1 -1 -1 -1 
70 1 764 105 89 215 -1 -1 -1 -1 
70 3 424 114 136 242 -1 -1 -1 -1 
70 4 1001 225 119 202 -1 -1 -1 -1 
70 5 884 227 144 279 -1 -1 -1 -1 
70 6 475 2 41 107 -1 -1 -1 -1 
70 7 1043 343 236 376 -1 -1 -1 -1 
70 13 707 36 67 144 -1 -1 -1 -1 
71 1 769 107 94 223 -1 -1 -1 -1 
71 3 421 119 136 239 -1 -1 -1 -1 
71 4 1002 225 119 201 -1 -1 -1 -1 
71 5 885 227 143 277 -1 -1 -1 -1 
71 6 478 1 41 107 -1 -1 -1 -1 
71 7 1040 330 239 389 -1 -1 -1 -1 
72 1 777 109 95 229 -1 -1 -1 -1 
72 3 422 123 136 234 -1 -1 -1 -1 
72 4 1003 225 118 201 -1 -1 -1 -1 
72 5 886 227 142 277 -1 -1 -1 -1 
72 7 1040 328 239 389 -1 -1 -1 -1 
72 13 697 34 68 142 -1 -1 -1 -1 
73 1 783 112 95 228 -1 -1 -1 -1 
73 3 422 128 136 230 -1 -1 -1 -1 
73 4 1003 225 118 201 -1 -1 -1 -1 
73 5 886 228 142 276 -1 -1 -1 -1 
73 7 1048 351 230 359 -1 -1 -1 -1 
73 13 689 32 68 142 -1 -1 -1 -1 
74 1 787 115 95 226 -1 -1 -1 -1 
74 3 419 128 143 239 -1 -1 -1 -1 
74 4 1003 224 118 202 -1 -1 -1 -1 
74 5 887 228 141 275 -1 -1 -1 -1 
74 7 1052 363 221 342 -1 -1 -1 -1 
74 13 682 31 68 142 -1 -1 -1 -1 
74 16 216 33 58 136 -1 -1 -1 -1 
74 17 1022 96 75 161 -1 -1 -1 -1 
75 1 795 117 96 224 -1 -1 -1 -1 
75 3 408 126 156 253 -1 -1 -1 -1 
75 4 1002 224 117 198 -1 -1 -1 -1 
75 5 887 227 141 275 -1 -1 -1 -1 
75 7 1052 368 219 336 -1 -1 -1 -1 
75 13 679 31 66 141 -1 -1 -1 -1 
75 16 229 32 57 134 -1 -1 -1 -1 
75 17 1011 93 77 168 -1 -1 -1 -1 
76 1 803 118 96 222 -1 -1 -1 -1 
76 3 394 126 157 256 -1 -1 -1 -1 
76 4 1007 225 117 199 -1 -1 -1 -1 
76 5 887 227 141 276 -1 -1 -1 -1 
76 7 1052 373 217 330 -1 -1 -1 -1 
76 13 676 30 64 139 -1 -1 -1 -1 
76 16 237 31 57 134 -1 -1 -1 -1 
76 17 995 87 83 180 -1 -1 -1 -1 
77 1 807 118 96 222 -1 -1 -1 -1 
77 3 381 126 151 251 -1 -1 -1 -1 
77 4 1004 225 117 200 -1 -1 -1 -1 
77 5 887 227 141 275 -1 -1 -1 -1 
77 7 1051 371 220 333 -1 -1 -1 -1 
77 13 676 27 63 136 -1 -1 -1 -1 
77 16 245 30 57 136 -1 -1 -1 -1 
77 17 980 82 85 187 -1 -1 -1 -1 
78 1 808 117 96 223 -1 -1 -1 -1 
78 3 372 126 146 248 -1 -1 -1 -1 
78 4 1002 226 117 197 -1 -1 -1 -1 
78 5 886 227 141 275 -1 -1 -1 -1 
78 7 1047 355 232 352 -1 -1 -1 -1 
78 13 673 25 60 130 -1 -1 -1 -1 
78 16 253 27 58 138 -1 -1 -1 -1 
79 1 808 116 96 223 -1 -1 -1 -1 
79 3 366 126 145 253 -1 -1 -1 -1 
79 4 1002 226 118 199 -1 -1 -1 -1 
79 5 887 227 140 275 -1 -1 -1 -1 
79 7 1041 350 237 358 -1 -1 -1 -1 
79 13 672 24 58 128 -1 -1 -1 -1 
79 16 260 27 56 135 -1 -1 -1 -1 
80 1 807 116 97 224 -1 -1 -1 -1 
80 3 348 127 151 269 -1 -1 -1 -1 
80 4 1005 227 118 200 -1 -1 -1 -1 
80 5 887 227 142 279 -1 -1 -1 -1 
80 7 1041 354 233 351 -1 -1 -1 -1 
80 13 669 23 58 129 -1 -1 -1 -1 
81 1 806 115 98 226 -1 -1 -1 -1 
81 3 331 132 154 280 -1 -1 -1 -1 
81 4 1006 227 118 201 -1 -1 -1 -1 
81 5 888 227 141 278 -1 -1 -1 -1 
81 7 1040 357 231 345 -1 -1 -1 -1 
81 13 665 22 58 130 -1 -1 -1 -1 
82 1 805 116 97 225 -1 -1 -1 -1 
82 3 319 138 158 290 -1 -1 -1 -1 
82 4 1006 226 117 201 -1 -1 -1 -1 
82 5 890 227 140 275 -1 -1 -1 -1 
82 7 1028 349 241 356 -1 -1 -1 -1 
82 13 662 20 59 132 -1 -1 -1 -1 
83 1 804 117 98 225 -1 -1 -1 -1 
83 3 313 146 158 293 -1 -1 -1 -1 
83 4 1010 226 116 199 -1 -1 -1 -1 
83 5 891 226 139 275 -1 -1 -1 -1 
83 7 1016 345 247 363 -1 -1 -1 -1 
83 13 661 19 58 133 -1 -1 -1 -1 
83 19 231 79 36 89 -1 -1 -1 -1 
84 1 803 117 97 226 -1 -1 -1 -1 
84 3 312 150 155 290 -1 -1 -1 -1 
84 4 1009 226 114 197 -1 -1 -1 -1 
84 5 888 225 141 280 -1 -1 -1 -1 
84 7 1008 335 256 372 -1 -1 -1 -1 
84 13 660 18 58 132 -1 -1 -1 -1 
84 19 242 76 37 90 -1 -1 -1 -1 
85 1 803 116 97 227 -1 -1 -1 -1 
85 3 319 153 152 289 -1 -1 -1 -1 
85 4 1008 226 115 200 -1 -1 -1 -1 
85 5 886 225 144 285 -1 -1 -1 -1 
85 7 1007 331 260 378 -1 -1 -1 -1 
85 13 661 18 57 133 -1 -1 -1 -1 
85 19 250 75 38 91 -1 -1 -1 -1 
86 1 803 116 97 227 -1 -1 -1 -1 
86 3 328 160 145 282 -1 -1 -1 -1 
86 4 1012 228 114 198 -1 -1 -1 -1 
86 5 884 225 146 290 -1 -1 -1 -1 
86 7 1014 332 255 375 -1 -1 -1 -1 
86 13 661 16 58 134 -1 -1 -1 -1 
86 19 259 75 37 90 -1 -1 -1 -1 
87 1 802 114 97 228 -1 -1 -1 -1 
87 3 329 165 139 275 -1 -1 -1 -1 
87 4 1014 230 110 193 -1 -1 -1 -1 
87 5 885 225 145 288 -1 -1 -1 -1 
87 7 1018 344 248 363 -1 -1 -1 -1 
87 13 663 15 57 134 -1 -1 -1 -1 
87 19 268 76 36 86 -1 -1 -1 -1 
88 1 801 114 97 229 -1 -1 -1 -1 
88 3 320 172 144 291 -1 -1 -1 -1 
88 4 1016 233 106 186 -1 -1 -1 -1 
88 5 885 225 145 289 -1 -1 -1 -1 
88 7 1011 323 258 382 -1 -1 -1 -1 
88 13 664 15 55 131 -1 -1 -1 -1 
89 1 800 114 96 228 -1 -1 -1 -1 
89 3 310 177 147 298 -1 -1 -1 -1 
89 4 1017 233 105 186 -1 -1 -1 -1 
89 5 886 225 143 289 -1 -1 -1 -1 
89 7 1010 313 261 387 -1 -1 -1 -1 
90 1 799 111 97 232 -1 -1 -1 -1 
90 3 296 178 150 301 -1 -1 -1 -1 
90 4 1015 234 104 183 -1 -1 -1 -1 
90 5 886 225 143 287 -1 -1 -1 -1 
90 7 1008 308 263 391 -1 -1 -1 -1 
91 1 799 112 96 230 -1 -1 -1 -1 
91 3 286 183 152 298 -1 -1 -1 -1 
91 4 1012 232 107 188 -1 -1 -1 -1 
91 5 886 225 143 287 -1 -1 -1 -1 
91 7 1009 305 265 394 -1 -1 -1 -1 
91 13 667 12 53 124 -1 -1 -1 -1 
91 17 800 43 74 169 -1 -1 -1 -1 
92 1 801 113 95 229 -1 -1 -1 -1 
92 3 276 189 154 291 -1 -1 -1 -1 
92 4 1012 231 108 190 -1 -1 -1 -1 
92 5 886 225 143 287 -1 -1 -1 -1 
92 7 1011 303 264 394 -1 -1 -1 -1 
92 13 667 11 52 120 -1 -1 -1 -1 
92 17 793 39 67 160 -1 -1 -1 -1 
93 1 801 113 95 229 -1 -1 -1 -1 
93 3 275 193 155 287 -1 -1 -1 -1 
93 4 1006 229 110 190 -1 -1 -1 -1 
93 5 886 225 142 286 -1 -1 -1 -1 
93 7 1010 300 267 400 -1 -1 -1 -1 
93 13 669 10 53 119 -1 -1 -1 -1 
93 17 783 36 62 152 -1 -1 -1 -1 
94 1 801 112 95 230 -1 -1 -1 -1 
94 3 275 195 155 280 -1 -1 -1 -1 
94 4 1002 228 112 188 -1 -1 -1 -1 
94 5 886 225 142 284 -1 -1 -1 -1 
94 7 1013 299 266 401 -1 -1 -1 -1 
94 13 670 10 54 119 -1 -1 -1 -1 
94 16 402 22 66 156 -1 -1 -1 -1 
94 17 764 35 62 148 -1 -1 -1 -1 
95 1 802 113 93 228 -1 -1 -1 -1 
95 3 278 198 150 263 -1 -1 -1 -1 
95 4 1000 227 114 189 -1 -1 -1 -1 
95 5 886 224 142 285 -1 -1 -1 -1 
95 7 1015 297 264 402 -1 -1 -1 -1 
95 13 670 10 57 123 -1 -1 -1 -1 
95 16 409 19 69 160 -1 -1 -1 -1 
95 17 748 34 64 148 -1 -1 -1 -1 
96 1 802 113 94 228 -1 -1 -1 -1 
96 3 277 198 153 265 -1 -1 -1 -1 
96 4 999 226 114 187 -1 -1 -1 -1 
96 5 886 224 141 283 -1 -1 -1 -1 
96 7 1018 296 261 402 -1 -1 -1 -1 
96 13 673 7 57 121 -1 -1 -1 -1 
96 16 412 17 71 164 -1 -1 -1 -1 
96 17 735 30 67 154 -1 -1 -1 -1 
